1;SuperChange;;0;11901
10;My-Xchange;878525859540;1000;36491
29;N-Change;;0;27696859
48;Exwp;800811812711;1838;27813
51;ExchangeX;687408836403;1973;632635
52;NetExchange;;0;92099
382;City-Exchange;;0;22703578
443;ОбменОМ;;0;12735
79;E-Obmen;;0;594086
80;Vmex;060994506852;1742;126260
90;Ex-Money;;0;38059465
106;Me24;413483251593;1129;0
107;WM-Sha;881627402476;1825;5090
125;ChangerBiz;384322030386;906;87481
152;Vilcov;;0;104039
154;eCashMe;878525859540;1000;8632
155;Z-Obmen;;0;127562
157;WmBox;329025066047;0;1117940
170;XMoney;;0;476250
177;Alfacash;;0;185003
184;Xchange;;0;253223553
197;WMSell;;0;13465
201;NixExchange;;0;180218
218;A-Exchange;;0;1230675
219;I-Obmen;;0;15676127
220;WMGlobus;;0;757053
223;МультиВал;;0;61143
227;Money-Change;;0;29650
238;E-Money;;0;313151
239;E-Scrooge;;0;0
643;Bchange;;0;89913756
251;24Obmin;253649550654;0;19869018
252;VIPchanger;397640011232;2535;519237
730;WmMoney;445709135419;0;5018962
255;BazarMoney;250647852481;1207;62681
268;Rapid-Obmen;;0;1979670
269;Paspar;;0;592349
271;GoldObmen;;0;74276838
273;ArmChange;;0;50136
274;MultiChange;;0;130637365
279;MChange;;0;634828619
291;Ukr-Obmen;;0;7268172
295;MisterExchange;;0;0
299;ObmenCash;;0;0
327;24Обмен;;0;26436
337;1WM;;0;0
341;WMStream;185657319746;0;0
346;UltraChange;;0;0
362;D-Obmen;;0;572761
364;N-Obmen;;0;2330
366;WmCurrency;;0;0
372;HotExchange;;0;9339025
374;Echange;401537073488;0;0
377;ExBox;;0;486871370
380;FavoriteExchanger;266156638013;1235;32716514
381;ObmenAT;297157965491;3192;0
386;Exch-em;;0;1767369
387;365Cash;;0;3715541
397;AllCash;;0;23748488
405;OpenChange;;0;406248500
409;5Минут;157677488095;358;4688
411;BTCBank;;0;72508
417;24PayBank;;0;1081850723
421;Receive-Money;;0;19121619
430;CoinTransfer;;0;63781915
436;RealExchange;271040623560;1178;18128594
921;Сатоши;;0;45228847
437;Ru-Change;;0;133922
438;WestChange;;0;12250799
439;Makoli;;0;887898
444;Konvert;;0;619632
447;SpbWMCasher;049282223299;0;631982488
455;FehuPay;;0;76267
830;EliteObmen;;0;2502226
458;W3Buy;;0;6549449
460;Lionex;;0;0
466;BtcChange24;;0;12811864
464;MegaChange;380536951311;1591;0
468;Magnatus;;0;4944688
469;MasterChange;238890286272;0;44823197
471;ChBy;;0;43678259
473;ImExchanger;;0;667658251
489;ZB;;0;0
488;FastChange;;0;27310869
490;O-Paxum;;0;267647
498;Kraken;;0;0
499;HTX;;0;0
502;OkCoin;;0;0
500;BitStamp;;0;0
504;OKX;;0;0
497;Cexio;;0;0
496;Bitfinex;;0;0
492;Poloniex;;0;0
797;Excoin;;0;65053788
501;Dzengi;;0;0
503;HitBTC;;0;0
508;Gemini;;0;0
510;Binance;;0;0
512;CoinBase;;0;0
515;YoBit;;0;0
517;BaksMan;;0;161793442
521;Шахта;;0;24598045
522;Касса;;0;1165059
519;BitExchanger;;0;75382779
531;FastWM;;0;276761821
532;QuickChange;;0;3025322
535;BitPayes;;0;10945
537;100BtcKiev;;0;2321928
538;50Cents;;0;59365775
544;Банкомат;;0;36634340
540;CryptoPay24;;0;34633218
546;NetEx24;;0;0
551;RocketChange;;0;2605662
556;ObmennCom;;0;393329
558;1Exchanger;;0;0
561;BetaTransfer;;0;10043
1147;ГоугоуБит;;0;1026444
562;Z-Exchange;;0;0
565;Transfer24;;0;7914694
567;Coin-Bank;;0;137377
573;Биткоин24;;0;43153
575;Your-Coins;;0;0
578;AtChange;;0;769106
577;Bit-Обменка;;0;26741460
580;4ange;;0;38896065
584;F-Change;;0;17615
586;КэшБанк;;0;78952594
1091;NordChange;;0;9443045
588;7Money;;0;2101847
590;ExMoney;;0;0
604;БестОбмен;;0;23442
608;GeeExchange;;0;31416270
606;CryptoMoney;;0;111462416
607;60сек;;0;302424565
610;WMBlrClub;215095201536;1210;1026552
609;ObmenMoney;279259009479;877;186743
611;ChangerClub;;0;1174256
612;Changelly;;0;3334581
614;El-Change;;0;802680
615;Pocket-Exchange;;0;151875226
620;4Exchange;;0;140359
618;24BestEx;;0;35841458
624;VV-Obmen;;0;312766
622;ProstoCash;;0;1364820294
625;PayGet;;0;18502021
629;MonEx;189133223119;583;331079
626;Best-Obmen;;0;77872588
640;BTC2Pay;;0;80259345
636;WorldChange;;0;1978388
1160;DigiChanger;521269361045;459;77615702
664;BitHunter;;0;71228
645;BtcBit;;0;10195841
681;CryptoHome;;0;7721781
635;Staff-Obmen;;0;1405219
633;YChanger;;0;239793185
736;Обменник-UZ;;0;12065688
668;MyCryptoMarket;;0;1394988
1159;InstaCrypt;;0;1012329
650;Real-Bit;;0;54684015
638;Bitcoin24SU;;0;0
642;BuyBit;;0;299
655;BitStore;;0;2471301
709;Nexchange;;0;6834782
659;1-Online;;0;147029042
665;Perfect-Change;;0;170152
670;FastEx;;0;3894669
652;LasloBit;;0;1098445
731;BigBank;;0;183325017
657;Easy-Changer;;0;0
661;Ферма;;0;120168464
654;Ru-Bas;;0;4595189
738;HASchange;;0;58916960
660;FlyChange;;0;2133707
719;ObmenLite24;;0;53557573
672;99Francs;;0;3115104
715;PoneyMoney;;0;696487
658;BtcTenge;;0;47904586
686;1Mile;;0;246527854
695;BTC-Обменник;;0;30977208
705;Cryptonex;;0;0
687;WikiPays;;0;4754549
707;CyberBTC;204332423548;1431;5047724
690;Fair-Exchange;413428403759;0;77710
685;BitCash;;0;748871
684;100Bitcoins;;0;162289025
723;BitObmen;;0;967588
718;Platov;;0;94943577
752;24ExPay;;0;0
688;ExchangeExpress;279259009479;877;23959
712;Criptify;;0;0
755;Big-Changer;;0;3677
703;Obmen4you;320026778932;1660;10734
716;Bitok777;;0;20703
782;Tec-Bit;;0;200790
763;PushPayer;753021635396;0;59898
758;CryptoBox;;0;11066630
741;BTCe-Obmen;;0;7664850
737;BonkyPay;232342940453;0;110385891
754;24XChange;;0;58871
757;ChangeNow;;0;97078375
770;BTC24pro;;0;0
779;MoneyMix;;0;5274101
790;2rbina;;0;98724256
776;XbiTrade;;0;1364511
785;PayMarket;;0;20503936
1176;CashFlow;;0;0
780;Bitcoin24Pro;;0;25057305
774;ОбменМонет;;0;33032403
766;UniCash;;0;172152616
764;NiceChange;;0;124245746
772;CoinPayMaster;;0;825810563
792;SberBit;;0;61931
1137;Пандпэй;;0;65676597
784;InTo;;0;72943589
799;Криптообменник;;0;39857749
793;IceBTC;;0;47146729
798;Quickex;;0;67633627
788;FlyMoney;;0;132776
807;CryptoBar;;0;9355676
808;ChangeCoins;;0;2204409
814;BitBits;;0;139692
835;7Pay;709807738416;1706;1011838
827;Crypster;;0;15404629
818;R-Obmen;;0;0
817;Enter-Change;;0;84572135
812;Ex-Bank;;0;11880252
823;Обменочка;;0;0
809;XbitMoney;155289860990;1820;4809
825;MyChanger;;0;412557
816;KZ007;;0;12456135
1139;ПоТеме;;0;21980116
840;YoChange;;0;177582110
838;AlfaExchange;;0;32881657
839;MyInvestStory;;0;4865
821;ExchangeTeam;;0;662806847
815;Belqi;;0;0
842;AllMoney;406103529800;0;7729454
850;Keine-Exchange;;0;176110773
846;ExchangeYourMoney;;0;1573135
848;SwapCoin;;0;29783931
852;RamonCash;;0;66598218
855;CoinStart;;0;33181627
858;FixedFloat;;0;34727051
865;Bixter;;0;21142418
869;ExpoChange;412963033166;0;48658656
866;Delets;;0;89982566
872;WM-Obmen;362955051206;0;313669
871;BitokAi;;0;0
895;CryptoBarMen;;0;143017363
870;Alfa-Trades;;0;117235642
881;JetMonet;;0;8933829
877;Об-мен;963523258975;0;2169276
884;Cryptex;;0;6738524
907;ObmenAT24;;0;0
874;ChangeHero;;0;101600446
1093;GetExch;;0;3802686
905;TraiderIdeal;;0;315683
902;BTC-Волга;;0;1256308
897;AnonEx;;0;1311270
888;GramBit;;0;96663894
894;КупиБит;;0;5356406
898;Вобменка;;0;0
901;WMStar;310224582545;0;184680
899;CoinShop24;;0;58803443
900;Obmen-Box;;0;1460136
896;CoinChanger;;0;2526925
915;CoinGuru;;0;70287387
989;CoinsBlack;890273718097;0;27489730
913;Quantex;;0;1012386
917;Micro-exchange;;0;36316568
916;Cryptos;;0;464941
925;Sunduk;;0;919731
918;КриптоРай;;0;0
939;EuroBit;;0;9839730
935;Wiki-Exchange;;0;129674979
923;HD-Change;;0;1758413
943;TopCash;;0;387349
927;Msk-Exchange;;0;30555051
933;TytCash;;0;61951
929;RoyalCash;;0;988663488
930;Crypto-Store;;0;37571635
942;ExHub;;0;4268446
944;EExchanger;330964771407;101;41310533
949;Coco-Pay;;0;9485180
948;AbcObmen;;0;183856595
950;UAchanger;;0;64027597
952;ExLine;;0;500317
954;E-Change;;0;1065129326
961;MyBTC;;0;94088079
960;Crybex;195257639270;0;112370599
959;ExchangeKey;;0;47143221
953;Livex;;0;14509
956;Обменко;;0;51695945
958;24Zone;;0;70220352
963;Global-Ex;;0;25014210
955;AlfaBit;;0;77761111
966;BlaBlaChange;;0;151074972
967;КриптоОбмен;;0;2205322
981;WMChanger;;0;135605046
1016;Банкир;;0;408720
971;CryptoSell;;0;242386
997;CoinJoin;;0;31053678
985;Tuco;;0;15380725
983;Bitality;;0;901729798
968;CryptoMax;;0;20197110
977;CityBit;;0;142696344
984;Cash-Bit;;0;0
969;4Money;;0;16039486
994;TipTopObmen;;0;70677485
976;ChangeProject;;0;140615318
992;OneMoment;;0;302903763
970;AlfaChange;;0;751583443
987;Itez;;0;49349
982;WxMoney;;0;41870904
974;BestKurs24;;0;0
980;GrandChange;;0;803793631
975;PremierCash;;0;2530701
986;PayFull;;0;122674
1011;IChangeOne;137024936562;0;2942114
999;LetsPay;;0;2136800
1003;Crypto-Market24;;0;0
998;Момент;;0;18493
1027;Nordex;;0;19123513
1040;HiExchange;209080513788;578;2690751
1013;AvanChange;359556728149;0;53482035
1008;BroExchange;;0;90958853
1005;EezyCash;594705036984;3;34070933
1006;Сова;;0;167961394
1002;ExCenter;;0;0
1001;CatBit;;0;1755803
1000;BazaObmena;;0;42332808
1014;Coin24;;0;173148283
1015;ТочкаОбмена;512160110371;0;48984
1010;Coinumm;;0;1235266
1039;Xenex;;0;0
1032;Crypto-Bank;;0;382000
1026;Ripae;;0;181126
1021;Крипта;;0;66563344
1009;CryptoShopping;;0;6695
1019;001K;156178959868;66;21582692
1029;SwiftChange;;0;14481729
1004;ExWm;910856141988;1057;64929
1038;Обама;455223738561;285;0
1036;CoinCat;;0;27971757
1028;BTCSale;;0;308049
1030;PocketBank;;0;294984543
1023;UnioChange;;0;11455038
1033;CosmoChanger;;0;696127043
1025;GlobalBits;;0;16760970
1035;CryptoXchange;;0;40018099
1024;Just-Exchanger;;0;0
1034;ClickPay;285857469245;0;21128209
1047;Money-Office;;0;2847463
1046;Муха;;0;434738
1043;Exolix;164518058707;0;291757
1044;BitBong;;0;38278202
1135;SpectrumChange;;0;15660629
1081;DotSatoshi;;0;1336121034
1042;CoinBox;;0;78703514
1049;BlaBlaMoney;;0;76843078
1050;Kursov24;;0;364280912
1055;Finex24;;0;38624699
1065;X-Obmen;905028210175;0;2320130
1053;ATMExchanger;;0;0
1059;ОбменкаSU;;0;1619505
1057;Fly-Pay;206304305615;79;108738
1056;First-BTC;;0;34630947
1064;ObmenGuru;185471005666;165;45584
1051;КриптоКасса;;0;336541
1058;EasyBit;;0;140197607
1061;Adb;;0;73681388
1069;Clean-Exchange;;0;21032025
1060;CryptoStrike;;0;77333337
1063;Оборот;;0;166558
1067;InstaBit;557452850931;0;202176
1066;1Million;;0;9799919
1074;CoinBlinker;;0;39275814
1070;Монеткин;;0;40408183
1068;Paynote;;0;1187961
1071;CoinDrop;;0;3404696
1072;N1ex;;0;119071
1073;IziBTC;;0;284454322
1079;WMZSale;111804423672;1045;157444
1078;AtPayz;806980557044;958;13331196
1080;BTCKassa;;0;235509
1094;SCSObmen;951426373513;620;26122
1085;NateBit;;0;113920252
1084;Easy-Change;;0;4159540
1083;ExpressMoney;;0;390364
1092;Cash2Pay;;0;970108
1096;BTCWorm;;0;65802454
1087;CryptoKarma;;0;62774138
1100;CoolCoin;;0;132332273
1103;CrystalMoney;;0;1193177604
1086;ExchangeForMe;;0;75425026
1102;ZombieCash;708628165872;0;7919753
1105;LigaBTC;283450596145;0;30456800
1089;AllTop;;0;2109855
1098;CashBox;;0;19168355
1088;Swap-Exchange;;0;0
1101;GrumBot;;0;130613
1095;YaObmen;;0;4999122
1107;Bitfondo;;0;61030137
1106;NiceObmen;;0;14764897
1108;SmartMoney;556315249748;0;196759
1110;XChanger;;0;51663747
1113;Crypto-Polis;;0;17189197
1115;CriptHub;396352330360;0;8879864
1116;ExBit;;0;2310442
1112;BTCRotor;;0;95984596
1114;YesObmen;;0;12637658
1126;Bitcoin-Armenia;;0;250000
1117;BTCBoss;;0;899127279
1124;1654Exchange;;0;0
1121;LetsExchange;;0;93740709
1118;NitroCrypt;;0;875918047
1119;Crypto-Dom;;0;8187780
1122;CoinTok;;0;960864
1120;ExWhite;;0;1369368
1123;Crypocto;255549462586;90;223939260
1125;IceSatoshi;;0;4879793
1127;ВсемОбмен;;0;46787
1128;BTchange;257686064312;105;20127276
1129;ExBaza;;0;251329
1130;Base-Exchange;;0;0
1132;CryptoGin;;0;96931978
1131;Арбуз;;0;3070316
1163;JarvisExchange;;0;127973304
1149;БухтаОбмена;;0;88237611
1134;InstantExchangers;;0;0
1151;Ecurex;;0;29101
1165;Метка;;0;897854398
1136;ЗеленаяСвеча;139305014241;0;13955915
1138;EasyGlobal;;0;2460795
1148;CryexPro;;0;7859072
1141;Kingex;;0;308072275
1162;Crystal-Trade;;0;211532065
1143;KindExchange;;0;116581836
1144;LetsChange;;0;31248954
1158;TradeToCash;;0;374243584
1156;LovanPay;;0;358127295
1154;111Обмен;;0;12408316
1153;Урал-Обмен;;0;0
1157;Е-Банк;;0;0
1146;КриптоТонна;;0;3563660
1145;Даркен;;0;55304777
1155;ECashExpert;;0;0
1161;CoinCraddle;;0;61046179
1166;Bit100k;;0;0
1150;UkrExchange;;0;1101264
1195;AltinBit;999428043283;0;4734610
1212;Fury-Exchange;;0;0
1203;WeDoExchange;;0;12678665
1189;BelkaPay;;0;11589168
1182;RexChanger;;0;262588
1177;MoneyPort;;0;1729281
1167;Changee;;0;46495268
1168;CatChange;;0;109943678
1169;Yoa;;0;427567
1174;FreeChange;;0;14067007
1206;Sellver;;0;0
1198;CryptoSwap365;;0;0
1175;Dvizh;;0;76535795
1193;KeyChanger;;0;0
1170;Monease;;0;286800130
1196;EpiChange;;0;7299520
1187;eBTCpro;;0;12961406
1173;BroGuru;;0;182973768
1211;Криптохаб;;0;68830897
1183;Crypcie;;0;106207730
1179;Convertex24;;0;0
1171;Альткоин;;0;354881487
1172;Обмен-Бро;483565345269;1034;20847
1180;Мытнинский;;0;290384
1184;X-Capital;;0;10776600
1214;Cryptofiat;668272779686;107;7343432
1202;Лимончик;303419094326;0;2225025
1199;DoubleSwap;;0;42831449
1178;BankaExchange;;0;165261
1210;16Tonn;;0;4238552
1185;Expa24;;0;199939
1190;Daeo;;0;8751579
1191;SendNow;;0;2614185
1209;Cerber;;0;0
1204;LightObmen;166425924865;0;16772347
1186;Nadex;;0;50305804
1181;SwapEx;;0;88218320
1205;CoinFusion;;0;4216547
1201;Cross-Market;;0;500409
1188;Intercontinental;;0;5694122
1197;Dashka;;0;0
1208;VeanEx;;0;12694
1194;FloatChange;;0;5787008
1213;CleanCoins;;0;5029846
1207;Криптолоджик;;0;0
1215;WayBit;;0;193893
1223;BitcoinObmennik;;0;324324257
1216;Moneta365;;0;150224910
1217;R2Exchange;;0;2191959
1221;Coine-Market;;0;859317
1219;BucksBunny;;0;271315541
1222;VN-Exchange;;0;589812
1224;GreenBit;;0;123260697
1225;EasySwap;;0;42669693
1226;Buycoin;;0;16292402
1228;Swop;;0;26077071
1230;Galaxy-Coin;;0;39463693
1229;Crypto-Trans;;0;0
1231;EmpireOfExchange;;0;0
1232;CyberMoney;499582611792;0;7631957
1233;Dolphex;817491148014;0;0
1236;Меняла;;0;0